5.165555953979492188e+00
5.709350824356079102e+00
6.132143974304199219e+00
6.780948877334594727e+00
7.372673034667968750e+00
7.868664026260375977e+00
8.390493869781494141e+00
8.941341876983642578e+00
9.388774871826171875e+00
9.893312931060791016e+00
1.038906693458557129e+01
1.096885490417480469e+01
1.153276300430297852e+01
1.207728481292724609e+01
1.264514684677124023e+01
1.324504899978637695e+01
1.378895592689514160e+01
1.430867481231689453e+01
1.483734703063964844e+01
1.534101986885070801e+01
1.587870001792907715e+01
1.639960193634033203e+01
1.690855884552001953e+01
1.743669199943542480e+01
1.792507195472717285e+01
1.845193481445312500e+01
1.893268895149230957e+01
1.948470091819763184e+01
1.989279985427856445e+01
2.038916802406311035e+01
2.093257498741149902e+01
2.143583989143371582e+01
2.196464896202087402e+01
2.246996283531188965e+01
2.294902586936950684e+01
2.353290104866027832e+01
2.407784390449523926e+01
2.459707403182983398e+01
2.513953495025634766e+01
2.570086884498596191e+01
2.611520290374755859e+01
2.661919689178466797e+01
2.710167384147644043e+01
2.758080887794494629e+01
2.806822395324707031e+01
2.856499791145324707e+01
2.910158395767211914e+01
2.963516592979431152e+01
3.011748504638671875e+01
3.062063288688659668e+01
3.114325499534606934e+01
3.160496497154235840e+01
3.206765294075012207e+01
3.258077597618103027e+01
3.305852890014648438e+01
3.357970499992370605e+01
3.406754684448242188e+01
3.456557893753051758e+01
3.508102202415466309e+01
3.558897185325622559e+01
3.605308198928833008e+01
3.654090499877929688e+01
3.705282187461853027e+01
3.754914498329162598e+01
3.802070498466491699e+01
3.850090694427490234e+01
3.905459094047546387e+01
3.952533102035522461e+01
3.998096990585327148e+01
4.048493289947509766e+01
4.097320294380187988e+01
4.140538883209228516e+01
4.193288493156433105e+01
4.238205790519714355e+01
4.287691092491149902e+01
4.342167782783508301e+01
4.390195989608764648e+01
4.440532493591308594e+01
4.495031189918518066e+01
4.542095994949340820e+01
4.597450804710388184e+01
4.647729992866516113e+01
4.700655198097229004e+01
4.762336087226867676e+01
4.807761192321777344e+01
4.850907683372497559e+01
4.899726104736328125e+01
4.943722987174987793e+01
4.996050691604614258e+01
5.045308494567871094e+01
5.096518993377685547e+01
5.147698783874511719e+01
5.195723104476928711e+01
5.243696904182434082e+01
5.295912694931030273e+01
5.345328283309936523e+01
5.402261090278625488e+01
5.451795291900634766e+01
5.506088995933532715e+01
5.553296303749084473e+01
5.606931400299072266e+01
5.657314682006835938e+01
5.707732701301574707e+01
5.765553998947143555e+01
5.816328883171081543e+01
5.869398403167724609e+01
5.921577596664428711e+01
5.971706390380859375e+01
6.021272492408752441e+01
6.070953583717346191e+01
6.115779685974121094e+01
6.162115788459777832e+01
6.211724781990051270e+01
6.262918782234191895e+01
6.303763985633850098e+01
6.352542996406555176e+01
6.401303386688232422e+01
6.447737383842468262e+01
6.494217586517333984e+01
6.543810391426086426e+01
6.590134286880493164e+01
6.637487387657165527e+01
6.685329484939575195e+01
6.732527399063110352e+01
6.774923300743103027e+01
6.824508500099182129e+01
6.874128890037536621e+01
6.924505090713500977e+01
6.969339394569396973e+01
7.018111395835876465e+01
7.062901091575622559e+01
7.113361287117004395e+01
7.162125587463378906e+01
7.214979887008666992e+01
7.268499994277954102e+01
7.316625690460205078e+01
7.362975883483886719e+01
7.413309192657470703e+01
7.462130188941955566e+01
7.508520388603210449e+01
7.554939699172973633e+01
7.604525399208068848e+01
7.652509284019470215e+01
7.700527095794677734e+01
7.748520302772521973e+01
7.797333502769470215e+01
7.843737292289733887e+01
7.894919800758361816e+01
7.976298689842224121e+01
7.998125100135803223e+01
8.045306086540222168e+01
8.094916796684265137e+01
8.143757295608520508e+01
8.192578291893005371e+01
8.238217592239379883e+01
8.288522601127624512e+01
8.334927201271057129e+01
8.385309791564941406e+01
8.436504888534545898e+01
8.484531688690185547e+01
8.537461996078491211e+01
8.599697184562683105e+01
8.645313787460327148e+01
8.688422489166259766e+01
8.739693403244018555e+01
8.787715888023376465e+01
8.839746189117431641e+01
8.896555900573730469e+01
8.941346597671508789e+01
8.987826085090637207e+01
9.037332987785339355e+01
9.087718081474304199e+01
9.138912081718444824e+01
9.188520383834838867e+01
9.237351584434509277e+01
9.291935300827026367e+01
9.338964796066284180e+01
9.388514804840087891e+01
9.434114098548889160e+01
9.483721590042114258e+01
9.535757088661193848e+01
9.590184187889099121e+01
9.638961195945739746e+01
9.689315581321716309e+01
9.733318686485290527e+01
9.786912703514099121e+01
9.838155198097229004e+01
9.882137084007263184e+01
9.928938794136047363e+01
9.974164986610412598e+01
1.002133438587188721e+02
1.007266469001770020e+02
1.012572538852691650e+02
1.018290739059448242e+02
1.023415708541870117e+02
1.028789620399475098e+02
1.035162839889526367e+02
1.040777828693389893e+02
1.045094799995422363e+02
1.050855879783630371e+02
1.055895159244537354e+02
1.061586840152740479e+02
1.066373310089111328e+02
1.071573648452758789e+02
1.076303420066833496e+02
1.081608309745788574e+02
1.086696138381958008e+02
1.092067220211029053e+02
1.098081948757171631e+02
1.103768539428710938e+02
1.108455989360809326e+02
1.114087569713592529e+02
1.120220298767089844e+02
1.125963850021362305e+02
1.130217828750610352e+02
1.136400458812713623e+02
1.142097988128662109e+02
1.147418239116668701e+02
1.152296378612518311e+02
1.157650918960571289e+02
1.163014910221099854e+02
1.167813968658447266e+02
1.173526589870452881e+02
1.178534929752349854e+02
1.183809249401092529e+02
1.189168579578399658e+02
1.194531619548797607e+02
1.200098309516906738e+02
1.205744159221649170e+02
1.211287178993225098e+02
1.216778008937835693e+02
1.223770709037780762e+02
1.229016208648681641e+02
1.234461138248443604e+02
1.239176268577575684e+02
1.244058220386505127e+02
1.249174258708953857e+02
1.254531550407409668e+02
1.259655430316925049e+02
1.264136569499969482e+02
1.269027910232543945e+02
1.274365499019622803e+02
1.279413108825683594e+02
1.284864339828491211e+02
1.290054919719696045e+02
1.294780399799346924e+02
1.299977288246154785e+02
1.305753178596496582e+02
1.312472348213195801e+02
1.317418539524078369e+02
1.321897859573364258e+02
1.326788120269775391e+02
1.332085378170013428e+02
1.337616820335388184e+02
1.341899309158325195e+02
1.346861069202423096e+02
1.353288600444793701e+02
1.358138668537139893e+02
1.363427748680114746e+02
1.368150470256805420e+02
1.372779169082641602e+02
1.377896490097045898e+02
1.382620398998260498e+02
1.387815999984741211e+02
1.393830440044403076e+02
1.398459048271179199e+02
1.404809548854827881e+02
1.410379579067230225e+02
1.415684738159179688e+02
1.421258020401000977e+02
1.426300768852233887e+02
1.432294468879699707e+02
1.437418580055236816e+02
1.442804470062255859e+02
1.448219709396362305e+02
1.453417549133300781e+02
1.458297028541564941e+02
1.463259079456329346e+02
1.468626940250396729e+02
1.473929479122161865e+02
1.479099259376525879e+02
1.484386439323425293e+02
1.489259848594665527e+02
1.494459648132324219e+02
1.499659588336944580e+02
1.505334179401397705e+02
1.511124668121337891e+02
1.516300709247589111e+02
1.521261978149414062e+02
1.526458749771118164e+02
1.531658020019531250e+02
1.536858048439025879e+02
1.541579358577728271e+02
1.546620318889617920e+02
1.551821508407592773e+02
1.556939909458160400e+02
1.562786300182342529e+02
1.568697659969329834e+02
1.573668799400329590e+02
1.578782899379730225e+02
1.584621188640594482e+02
1.591118619441986084e+02
1.596290979385375977e+02
1.602145509719848633e+02
1.607579219341278076e+02
1.613135089874267578e+02
1.618142039775848389e+02
1.623019969463348389e+02
1.627899289131164551e+02
1.633100759983062744e+02
1.637820408344268799e+02
1.642865269184112549e+02
1.647578809261322021e+02
1.652299039363861084e+02
1.656860220432281494e+02
1.661911368370056152e+02
1.666616508960723877e+02
1.671421148777008057e+02
1.676460759639739990e+02
1.681339159011840820e+02
1.686633019447326660e+02
1.692060370445251465e+02
1.696623978614807129e+02
1.701340830326080322e+02
1.706462178230285645e+02
1.711259429454803467e+02
1.716065328121185303e+02
1.721178779602050781e+02
1.726141989231109619e+02
1.731580009460449219e+02
1.736384539604187012e+02
1.741680238246917725e+02
1.746219959259033203e+02
1.751349999904632568e+02
1.755867459774017334e+02
1.761338438987731934e+02
1.766222069263458252e+02
1.771515209674835205e+02
1.776613469123840332e+02
1.781581850051879883e+02
1.786463959217071533e+02
1.790940878391265869e+02
1.796270589828491211e+02
1.800781469345092773e+02
1.805954630374908447e+02
1.811022260189056396e+02
1.815742700099945068e+02
1.820942459106445312e+02
1.826217448711395264e+02
1.831677339076995850e+02
1.836717789173126221e+02
1.841584260463714600e+02
1.846192150115966797e+02
1.851264328956604004e+02
1.856034829616546631e+02
1.860542919635772705e+02
1.865423710346221924e+02
1.871610689163208008e+02
1.876468780040740967e+02
1.881183078289031982e+02
1.886480169296264648e+02
1.891025199890136719e+02
1.895264518260955811e+02
1.900562579631805420e+02
1.905501730442047119e+02
1.910859138965606689e+02
1.915905599594116211e+02
1.920702378749847412e+02
1.925822279453277588e+02
1.930871179103851318e+02
1.935746278762817383e+02
1.940547578334808350e+02
1.945839049816131592e+02
1.949982178211212158e+02
1.954464089870452881e+02
1.959183440208435059e+02
1.963901448249816895e+02
1.968783450126647949e+02
1.973590478897094727e+02
1.979283950328826904e+02
1.983980460166931152e+02
1.989023158550262451e+02
1.993981380462646484e+02
1.998631598949432373e+02
2.003583698272705078e+02
2.008703880310058594e+02
2.013663270473480225e+02
2.018463108539581299e+02
2.023426949977874756e+02
2.028631768226623535e+02
2.034069778919219971e+02
2.039370729923248291e+02
2.044471018314361572e+02
2.049424648284912109e+02
2.054382388591766357e+02
2.059583938121795654e+02
2.064704458713531494e+02
2.070007109642028809e+02
2.075580518245697021e+02
2.084782960414886475e+02
2.090088748931884766e+02
2.094791610240936279e+02
2.099663839340209961e+02
2.104707150459289551e+02
2.109745848178863525e+02
2.114705669879913330e+02
2.119824409484863281e+02
2.125131649971008301e+02
2.130066490173339844e+02
2.135193858146667480e+02
2.140306439399719238e+02
2.145345289707183838e+02
2.150385208129882812e+02
2.155344200134277344e+02
2.161127328872680664e+02
2.166143298149108887e+02
2.172258360385894775e+02
2.178259389400482178e+02
2.182306740283966064e+02
2.187026839256286621e+02
2.191985788345336914e+02
2.197024338245391846e+02
2.201905598640441895e+02
2.207940230369567871e+02
2.212387878894805908e+02
2.216785550117492676e+02
2.222156009674072266e+02
2.226863949298858643e+02
2.231668388843536377e+02
2.236716139316558838e+02
2.241428968906402588e+02
2.246625540256500244e+02
2.251505029201507568e+02
2.256624829769134521e+02
2.261266899108886719e+02
2.266224849224090576e+02
2.271269149780273438e+02
2.276068439483642578e+02
2.280946578979492188e+02
2.286307899951934814e+02
2.291664910316467285e+02
2.296465499401092529e+02
2.301185629367828369e+02
2.306556618213653564e+02
2.312716209888458252e+02
2.317589159011840820e+02
2.323588769435882568e+02
2.329220819473266602e+02
2.334314160346984863e+02
2.339615569114685059e+02
2.344628820419311523e+02
2.349666519165039062e+02
2.354866518974304199e+02
2.359820659160614014e+02
2.364309129714965820e+02
2.369616909027099609e+02
2.374787638187408447e+02
2.379508438110351562e+02
2.384147329330444336e+02
2.389506769180297852e+02
2.394389100074768066e+02
2.399680409431457520e+02
2.404386649131774902e+02
2.409430789947509766e+02
2.414387419223785400e+02
2.419690089225769043e+02
2.424310939311981201e+02
2.429347429275512695e+02
2.434227800369262695e+02
2.439271099567413330e+02
2.444468538761138916e+02
2.449826920032501221e+02
2.454715528488159180e+02
2.459429278373718262e+02
2.464803719520568848e+02
2.469914748668670654e+02
2.475287988185882568e+02
2.480469508171081543e+02
2.485988240242004395e+02
2.491188390254974365e+02
2.496228928565979004e+02
2.501547889709472656e+02
2.506390709877014160e+02
2.511437129974365234e+02
2.517125008106231689e+02
2.522309999465942383e+02
2.526710870265960693e+02
2.532464849948883057e+02
2.537109229564666748e+02
2.542412648200988770e+02
2.547593660354614258e+02
2.552788498401641846e+02
2.557348499298095703e+02
2.562309918403625488e+02
2.567270519733428955e+02
2.572388989925384521e+02
2.577028598785400391e+02
2.582072899341583252e+02
2.587272298336029053e+02
2.592310118675231934e+02
2.597607929706573486e+02
2.602712190151214600e+02
2.608087069988250732e+02
2.613375959396362305e+02
2.619370608329772949e+02
2.624549770355224609e+02
2.629590389728546143e+02
2.635222778320312500e+02
2.640151519775390625e+02
2.645761499404907227e+02
2.650797028541564941e+02
2.655911488533020020e+02
2.661859409809112549e+02
2.666471788883209229e+02
2.672077100276947021e+02
2.678038718700408936e+02
2.682790839672088623e+02
2.687836468219757080e+02
2.692641599178314209e+02
2.698472089767456055e+02
2.703435099124908447e+02
2.708393130302429199e+02
2.713770680427551270e+02
2.718550448417663574e+02
2.723429689407348633e+02
2.728633599281311035e+02
2.733431239128112793e+02
2.738631739616394043e+02
2.743593649864196777e+02
2.749062769412994385e+02
2.754635188579559326e+02
2.759827179908752441e+02
2.764716289043426514e+02
2.770155599117279053e+02
2.775193319320678711e+02
2.780504620075225830e+02
2.785515530109405518e+02
2.790937080383300781e+02
2.796081340312957764e+02
2.801388409137725830e+02
2.806314558982849121e+02
2.811193978786468506e+02
2.816397650241851807e+02
2.821996250152587891e+02
2.826071188449859619e+02
2.830872118473052979e+02
2.836074178218841553e+02
2.841752908229827881e+02
2.846073679924011230e+02
2.851598069667816162e+02
2.856548318862915039e+02
2.861841590404510498e+02
2.866952209472656250e+02
2.872799708843231201e+02
2.877916109561920166e+02
2.883382759094238281e+02
2.888635008335113525e+02
2.893752100467681885e+02
2.899068248271942139e+02
2.904075770378112793e+02
2.909036300182342529e+02
2.914669959545135498e+02
2.919754190444946289e+02
2.925439829826354980e+02
2.930501589775085449e+02
2.935832438468933105e+02
2.940245339870452881e+02
2.946153519153594971e+02
2.950957460403442383e+02
2.956408150196075439e+02
2.961514458656311035e+02
2.966242048740386963e+02
2.971279358863830566e+02
2.976155939102172852e+02
2.981610188484191895e+02
2.987125339508056641e+02
2.992154369354248047e+02
2.997511420249938965e+02
3.002722249031066895e+02
3.007511699199676514e+02
3.012153308391571045e+02
3.017194910049438477e+02
3.022234740257263184e+02
3.027597169876098633e+02
3.031672019958496094e+02
3.036473820209503174e+02
3.041516339778900146e+02
3.046634819507598877e+02
3.051678099632263184e+02
3.056553919315338135e+02
3.061438138484954834e+02
3.066481039524078369e+02
3.071787638664245605e+02
3.076557729244232178e+02
3.081205339431762695e+02
3.087997629642486572e+02
3.092957549095153809e+02
3.097199029922485352e+02
3.102087290287017822e+02
3.106714789867401123e+02
3.112152910232543945e+02
3.116877548694610596e+02
3.121607239246368408e+02
3.126397058963775635e+02
3.131055119037628174e+02
3.135995409488677979e+02
3.140477218627929688e+02
3.146418850421905518e+02
3.150962250232696533e+02
3.155999438762664795e+02
3.161313879489898682e+02
3.166476488113403320e+02
3.171683378219604492e+02
3.176559529304504395e+02
3.181518599987030029e+02
3.186477949619293213e+02
3.191211609840393066e+02
3.196316189765930176e+02
3.200716679096221924e+02
3.205516979694366455e+02
3.210315849781036377e+02
3.215601549148559570e+02
3.220638418197631836e+02
3.225677809715270996e+02
3.230639829635620117e+02
3.234876999855041504e+02
3.238795788288116455e+02
3.244310648441314697e+02
3.249039289951324463e+02
3.253847608566284180e+02
3.258788158893585205e+02
3.264254319667816162e+02
3.268780248165130615e+02
3.273363659381866455e+02
3.278483188152313232e+02
3.284160568714141846e+02
3.289039349555969238e+02
3.295064229965209961e+02
3.301608908176422119e+02
3.308907258510589600e+02
3.313918018341064453e+02
3.318720729351043701e+02
3.324088649749755859e+02
3.328878729343414307e+02
3.334476368427276611e+02
3.339198698997497559e+02
3.344742848873138428e+02
3.349769949913024902e+02
3.354802179336547852e+02
3.359840500354766846e+02
3.364722149372100830e+02
3.370000138282775879e+02
3.375117900371551514e+02
3.380794959068298340e+02
3.385925478935241699e+02
3.391981840133666992e+02
3.396967349052429199e+02
3.402052719593048096e+02
3.407039918899536133e+02
3.412003610134124756e+02
3.417282428741455078e+02
3.422736849784851074e+02
3.427999649047851562e+02
3.433359129428863525e+02
3.438326108455657959e+02
3.443368039131164551e+02
3.448406529426574707e+02
3.453281469345092773e+02
3.458325848579406738e+02
3.463041889667510986e+02
3.467842118740081787e+02
3.472803020477294922e+02
3.477683320045471191e+02
3.482721018791198730e+02
3.488154318332672119e+02
3.493202068805694580e+02
3.498162639141082764e+02
3.503040509223937988e+02
3.508240878582000732e+02
3.513120319843292236e+02
3.517839689254760742e+02
3.522320358753204346e+02
3.527446980476379395e+02
3.532321999073028564e+02
3.537199859619140625e+02
3.542403039932250977e+02
3.547440578937530518e+02
3.552399318218231201e+02
3.557442679405212402e+02
3.562242188453674316e+02
3.567043998241424561e+02
3.571761908531188965e+02
3.576400959491729736e+02
3.580481519699096680e+02
3.585597808361053467e+02
3.590563809871673584e+02
3.595521848201751709e+02
3.600000758171081543e+02
3.604881038665771484e+02
3.610083470344543457e+02
3.614496090412139893e+02
3.618964829444885254e+02
3.623763008117675781e+02
3.628724138736724854e+02
3.633671739101409912e+02
3.637842669486999512e+02
3.642482669353485107e+02
3.647283058166503906e+02
3.652325038909912109e+02
3.657043459415435791e+02
3.662086508274078369e+02
3.666242308616638184e+02
3.670722758769989014e+02
3.676078808307647705e+02
3.680655219554901123e+02
3.685205199718475342e+02
3.689604108333587646e+02
3.694805858135223389e+02
3.699604249000549316e+02
3.704272518157958984e+02
3.708646500110626221e+02
3.713047158718109131e+02
3.718003859519958496e+02
3.722481629848480225e+02
3.727525188922882080e+02
3.734569938182830811e+02
3.739202480316162109e+02
3.743375289440155029e+02
3.748084578514099121e+02
3.752883229255676270e+02
3.757684378623962402e+02
3.762081749439239502e+02
3.765844378471374512e+02
3.770327639579772949e+02
3.775124609470367432e+02
3.779925818443298340e+02
3.784327340126037598e+02
3.789366159439086914e+02
3.793675808906555176e+02
3.798722200393676758e+02
3.803410899639129639e+02
3.807934918403625488e+02
3.812329008579254150e+02
3.816643338203430176e+02
3.821205890178680420e+02
3.825365719795227051e+02
3.830086889266967773e+02
3.834730880260467529e+02
3.839205908775329590e+02
3.844088418483734131e+02
3.848965280055999756e+02
3.853840160369873047e+02
3.858805568218231201e+02
3.863732118606567383e+02
3.868331060409545898e+02
3.873287119865417480e+02
3.878406689167022705e+02
3.882964868545532227e+02
3.888481128215789795e+02
3.892813489437103271e+02
3.897597270011901855e+02
3.902486598491668701e+02
3.907687358856201172e+02
3.912648999691009521e+02
3.917767109870910645e+02
3.921925539970397949e+02
3.927047569751739502e+02
3.931925399303436279e+02
3.936804609298706055e+02
3.941125838756561279e+02
3.946247928142547607e+02
3.951602709293365479e+02
3.956256499290466309e+02
3.960966858863830566e+02
3.966486020088195801e+02
3.970726640224456787e+02
3.975535988807678223e+02
3.980245528221130371e+02
3.984730188846588135e+02
3.989928879737854004e+02
3.994487860202789307e+02
3.999207389354705811e+02
4.004093618392944336e+02
4.008408958911895752e+02
4.013206629753112793e+02
4.017450869083404541e+02
4.022247438430786133e+02
4.027047848701477051e+02
4.032087938785552979e+02
4.037207150459289551e+02
4.041696739196777344e+02
4.046645548343658447e+02
4.051132860183715820e+02
4.056094648838043213e+02
4.060807528495788574e+02
4.064899418354034424e+02
4.069687969684600830e+02
4.074713728427886963e+02
4.079614019393920898e+02
4.084931278228759766e+02
4.089290440082550049e+02
4.093928868770599365e+02
4.098168518543243408e+02
4.102970249652862549e+02
4.108087270259857178e+02
4.112807898521423340e+02
4.117612409591674805e+02
4.122330529689788818e+02
4.127447240352630615e+02
4.132007098197937012e+02
4.137217040061950684e+02
4.141691708564758301e+02
4.146397268772125244e+02
4.151778209209442139e+02
4.156653008460998535e+02
4.162758529186248779e+02
4.167779560089111328e+02
4.172889299392700195e+02
4.178340699672698975e+02
4.183288140296936035e+02
4.188007810115814209e+02
4.192732360363006592e+02
4.197448539733886719e+02
4.202093558311462402e+02
4.206809689998626709e+02
4.211529729366302490e+02
4.216572530269622803e+02
4.221530280113220215e+02
4.226091229915618896e+02
4.231129138469696045e+02
4.236329739093780518e+02
4.241052989959716797e+02
4.245770850181579590e+02
4.250580039024353027e+02
4.255109570026397705e+02
4.259929959774017334e+02
4.264654660224914551e+02
4.269769749641418457e+02
4.274253289699554443e+02
4.278891088962554932e+02
4.283771448135375977e+02
4.288419759273529053e+02
4.293287639617919922e+02
4.297682929039001465e+02
4.302480759620666504e+02
4.307866978645324707e+02
4.311837089061737061e+02
4.316731839179992676e+02
4.321851239204406738e+02
4.326332838535308838e+02
4.331315529346466064e+02
4.335855469703674316e+02
4.340973570346832275e+02
4.345851860046386719e+02
4.351159749031066895e+02
4.355929298400878906e+02
4.361059949398040771e+02
4.366747658252716064e+02
4.371773200035095215e+02
4.376750240325927734e+02
4.381611788272857666e+02
4.387066600322723389e+02
4.392089328765869141e+02
4.396730539798736572e+02
4.401534328460693359e+02
4.406572439670562744e+02
4.411133289337158203e+02
4.415897228717803955e+02
4.420730619430541992e+02
4.425454189777374268e+02
4.430179169178009033e+02
4.434332919120788574e+02
4.438572268486022949e+02
4.443611788749694824e+02
4.448023669719696045e+02
4.452495880126953125e+02
4.457612979412078857e+02
4.462254190444946289e+02
4.466570599079132080e+02
4.471293699741363525e+02
4.476074488162994385e+02
4.480892889499664307e+02
4.485934128761291504e+02
4.490255110263824463e+02
4.494892530441284180e+02
4.499775359630584717e+02
4.504332768917083740e+02
4.508816418647766113e+02
4.514092240333557129e+02
4.519705338478088379e+02
4.524657959938049316e+02
4.529054479598999023e+02
4.533694329261779785e+02
4.538345029354095459e+02
4.542893798351287842e+02
4.548018648624420166e+02
4.552411618232727051e+02
4.557131869792938232e+02
4.561534700393676758e+02
4.566258509159088135e+02
4.570578029155731201e+02
4.574813568592071533e+02
4.579856338500976562e+02
4.584414060115814209e+02
4.588902559280395508e+02
4.593615770339965820e+02
4.597857019901275635e+02
4.602414038181304932e+02
4.606974859237670898e+02
4.611614909172058105e+02
4.616013789176940918e+02
4.620576529502868652e+02
4.625377969741821289e+02
4.629933259487152100e+02
4.634813959598541260e+02
4.639454078674316406e+02
4.643694770336151123e+02
4.647823739051818848e+02
4.652425448894500732e+02
4.657216458320617676e+02
4.662337470054626465e+02
4.667712469100952148e+02
4.671854588985443115e+02
4.676175718307495117e+02
4.680982098579406738e+02
4.685144619941711426e+02
4.689698219299316406e+02
4.694341390132904053e+02
4.699220759868621826e+02
4.704175999164581299e+02
4.708661139011383057e+02
4.714010138511657715e+02
4.717855868339538574e+02
4.722896478176116943e+02
4.727856328487396240e+02
4.732411630153656006e+02
4.736657528877258301e+02
4.741543908119201660e+02
4.747189719676971436e+02
4.751855750083923340e+02
4.757198128700256348e+02
4.764014379978179932e+02
4.770817778110504150e+02
4.777377738952636719e+02
4.782829329967498779e+02
4.787537088394165039e+02
4.792737579345703125e+02
4.797443239688873291e+02
4.802421069145202637e+02
4.807448120117187500e+02
4.812417440414428711e+02
4.817145228385925293e+02
4.821780278682708740e+02
4.827215499877929688e+02
4.831939959526062012e+02
4.836817178726196289e+02
4.841617329120635986e+02
4.846576969623565674e+02
4.851539449691772461e+02
4.856501069068908691e+02
4.861384088993072510e+02
4.865942599773406982e+02
4.871059939861297607e+02
4.876177539825439453e+02
4.881533379554748535e+02
4.886502029895782471e+02
4.891059269905090332e+02
4.896021118164062500e+02
4.901218838691711426e+02
4.906180608272552490e+02
4.911222138404846191e+02
4.915621688365936279e+02
4.920422148704528809e+02
4.925539309978485107e+02
4.930177819728851318e+02
4.935141029357910156e+02
4.940178589820861816e+02
4.945377149581909180e+02
4.950500149726867676e+02
4.955060908794403076e+02
4.960337989330291748e+02
4.965138759613037109e+02
4.970610709190368652e+02
4.975142159461975098e+02
4.979790399074554443e+02
4.984431409835815430e+02
4.989301948547363281e+02
4.994180009365081787e+02
4.999380688667297363e+02
5.004341659545898438e+02
5.009656889438629150e+02
5.014899740219116211e+02
5.019223120212554932e+02
5.023858768939971924e+02
5.029060540199279785e+02
5.034181330204010010e+02
5.039697890281677246e+02
5.044740459918975830e+02
5.050293238162994385e+02
5.055302569866180420e+02
5.060747258663177490e+02
5.065143508911132812e+02
5.070762469768524170e+02
5.075705418586730957e+02
5.080982859134674072e+02
5.085461738109588623e+02
5.090344040393829346e+02
5.094982759952545166e+02
5.099609270095825195e+02
5.104265749454498291e+02
5.109306769371032715e+02
5.113783848285675049e+02
5.118182339668273926e+02
5.122899858951568604e+02
5.127622189521789551e+02
5.132899768352508545e+02
5.138511078357696533e+02
5.143304128646850586e+02
5.148672399520874023e+02
5.153222639560699463e+02
5.158598768711090088e+02
5.163708329200744629e+02
5.168697879314422607e+02
5.173782069683074951e+02
5.178346838951110840e+02
5.183379850387573242e+02
5.188424110412597656e+02
5.193781969547271729e+02
5.199060449600219727e+02
5.203783228397369385e+02
5.209617059230804443e+02
5.214103939533233643e+02
5.218907849788665771e+02
5.224182088375091553e+02
5.229799048900604248e+02
5.235381379127502441e+02
5.238994829654693604e+02
5.243866858482360840e+02
5.249163169860839844e+02
5.253945808410644531e+02
5.259295878410339355e+02
5.264184620380401611e+02
5.269319128990173340e+02
5.273544590473175049e+02
5.278503808975219727e+02
5.283144819736480713e+02
5.288262088298797607e+02
5.293966698646545410e+02
5.298902728557586670e+02
5.304354178905487061e+02
5.309401159286499023e+02
5.314344828128814697e+02
5.318665330410003662e+02
5.323470308780670166e+02
5.328997859954833984e+02
5.333863658905029297e+02
5.339478800296783447e+02
5.344426949024200439e+02
5.348745720386505127e+02
5.353784768581390381e+02
5.358276548385620117e+02
5.363065528869628906e+02
5.367944970130920410e+02
5.372584059238433838e+02
5.377624459266662598e+02
5.382026448249816895e+02
5.386194379329681396e+02
5.390744910240173340e+02
5.395546958446502686e+02
5.400994620323181152e+02
5.405627908706665039e+02
5.409676918983459473e+02
5.414666049480438232e+02
5.419467539787292480e+02
5.424347109794616699e+02
5.428906688690185547e+02
5.433546228408813477e+02
5.438667240142822266e+02
5.443627378940582275e+02
5.448028118610382080e+02
5.453152699470520020e+02
5.457959568500518799e+02
5.462267649173736572e+02
5.467068269252777100e+02
5.472109928131103516e+02
5.477317619323730469e+02
5.482267549037933350e+02
5.487386658191680908e+02
5.492029759883880615e+02
5.496826889514923096e+02
5.501795859336853027e+02
5.506507589817047119e+02
5.511226358413696289e+02
5.516026070117950439e+02
5.520907230377197266e+02
5.525630698204040527e+02
5.530338840484619141e+02
5.535307469367980957e+02
5.540027689933776855e+02
5.544906828403472900e+02
5.549309079647064209e+02
5.554106159210205078e+02
5.558914878368377686e+02
5.563629050254821777e+02
5.568427138328552246e+02
5.573227119445800781e+02
5.578189280033111572e+02
5.582988369464874268e+02
5.587628698348999023e+02
5.592587368488311768e+02
5.598268649578094482e+02
5.604216609001159668e+02
5.612054610252380371e+02
5.617564058303833008e+02
5.621790878772735596e+02
5.626190178394317627e+02
5.630634558200836182e+02
5.635146329402923584e+02
5.640520520210266113e+02
5.644830079078674316e+02
5.649548518657684326e+02
5.653948509693145752e+02
5.658589119911193848e+02
5.663387918472290039e+02
5.668275258541107178e+02
5.672989089488983154e+02
5.677711069583892822e+02
5.682190959453582764e+02
5.687584860324859619e+02
5.692190408706665039e+02
5.696997649669647217e+02
5.701871700286865234e+02
5.706596138477325439e+02
5.711151218414306641e+02
5.716188249588012695e+02
5.721227018833160400e+02
5.726110479831695557e+02
5.730433180332183838e+02
5.735468950271606445e+02
5.740437810420989990e+02
5.745231959819793701e+02
5.749538269042968750e+02
5.754352500438690186e+02
5.759235599040985107e+02
5.763953089714050293e+02
5.769229769706726074e+02
5.774273278713226318e+02
5.778833489418029785e+02
5.783313200473785400e+02
5.787470970153808594e+02
5.792822129726409912e+02
5.797960929870605469e+02
5.803304288387298584e+02
5.808030428886413574e+02
5.813001689910888672e+02
5.817633399963378906e+02
5.822518069744110107e+02
5.827325668334960938e+02
5.832362999916076660e+02
5.837234389781951904e+02
5.841952579021453857e+02
5.846512179374694824e+02
5.851641719341278076e+02
5.856513848304748535e+02
5.861232509613037109e+02
5.865951468944549561e+02
5.870512888431549072e+02
5.876135628223419189e+02
5.881231889724731445e+02
5.886272408962249756e+02
5.891151590347290039e+02
5.895470490455627441e+02
5.900197448730468750e+02
5.904751470088958740e+02
5.909793319702148438e+02
5.914512889385223389e+02
5.920056140422821045e+02
5.924671299457550049e+02
5.929315450191497803e+02
5.933873448371887207e+02
5.938593559265136719e+02
5.943069698810577393e+02
5.947882978916168213e+02
5.952915019989013672e+02
5.957877819538116455e+02
5.962598159313201904e+02
5.967630488872528076e+02
5.972272520065307617e+02
5.976994159221649170e+02
5.982038638591766357e+02
5.986994929313659668e+02
5.991712818145751953e+02
5.996593449115753174e+02
6.001635618209838867e+02
6.006672778129577637e+02
6.011393899917602539e+02
6.016042358875274658e+02
6.021071999073028564e+02
6.026043999195098877e+02
6.031074419021606445e+02
6.035954890251159668e+02
6.041154019832611084e+02
6.045877020359039307e+02
6.050678060054779053e+02
6.055320630073547363e+02
6.060123908519744873e+02
6.065327880382537842e+02
6.070763800144195557e+02
6.076439909934997559e+02
6.084197728633880615e+02
6.091790888309478760e+02
6.098078980445861816e+02
6.105151758193969727e+02
6.110991868972778320e+02
6.116674540042877197e+02
6.122613060474395752e+02
6.128841438293457031e+02
6.134674408435821533e+02
6.140672578811645508e+02
6.146121799945831299e+02
6.151882398128509521e+02
6.157557070255279541e+02
6.163630249500274658e+02
6.169479308128356934e+02
6.175161268711090088e+02
6.181810629367828369e+02
6.187878658771514893e+02
6.194463508129119873e+02
6.200349268913269043e+02
6.206033809185028076e+02
6.212034349441528320e+02
6.217832438945770264e+02
6.223720748424530029e+02
6.229667398929595947e+02
6.236941089630126953e+02
6.242309479713439941e+02
6.247476458549499512e+02
6.252758219242095947e+02
6.259076759815216064e+02
6.264631569385528564e+02
6.270757799148559570e+02
6.276361980438232422e+02
6.281557798385620117e+02
6.287350299358367920e+02
6.292516338825225830e+02
6.298302478790283203e+02
6.304150428771972656e+02
6.310440318584442139e+02
6.314756648540496826e+02
6.320918369293212891e+02
6.326922140121459961e+02
6.332691299915313721e+02
6.338123478889465332e+02
6.343802049160003662e+02
6.349236488342285156e+02
6.355176668167114258e+02
6.360858898162841797e+02
6.366605358123779297e+02
6.372542169094085693e+02
6.377789018154144287e+02
6.383461439609527588e+02
6.388819279670715332e+02
6.393962469100952148e+02
6.399884569644927979e+02
6.405228350162506104e+02
6.410116398334503174e+02
6.415886189937591553e+02
6.420682318210601807e+02
6.426034429073333740e+02
6.431318988800048828e+02
6.436361339092254639e+02
6.441880378723144531e+02
6.447480268478393555e+02
6.452609779834747314e+02
6.457894058227539062e+02
6.463162229061126709e+02
6.468865728378295898e+02
6.473649899959564209e+02
6.479093868732452393e+02
6.484037849903106689e+02
6.489640400409698486e+02
6.494360449314117432e+02
6.499638040065765381e+02
6.505100798606872559e+02
6.510119500160217285e+02
6.514999668598175049e+02
6.520400528907775879e+02
6.525639429092407227e+02
6.530761868953704834e+02
6.535958678722381592e+02
6.540921468734741211e+02
6.545730040073394775e+02
6.550931038856506348e+02
6.556438579559326172e+02
6.561560590267181396e+02
6.566843190193176270e+02
6.571571679115295410e+02
6.576601409912109375e+02
6.582390370368957520e+02
6.587641608715057373e+02
6.593023638725280762e+02
6.597808020114898682e+02
6.602760758399963379e+02
6.607722189426422119e+02
6.612526760101318359e+02
6.617959518432617188e+02
6.623082888126373291e+02
6.628202559947967529e+02
6.633564159870147705e+02
6.638683989048004150e+02
6.643239848613739014e+02
6.648121418952941895e+02
6.652843039035797119e+02
6.658228058815002441e+02
6.662922289371490479e+02
6.668043279647827148e+02
6.673164479732513428e+02
6.678285279273986816e+02
6.683162260055541992e+02
6.688044288158416748e+02
6.692684199810028076e+02
6.697722668647766113e+02
6.702764649391174316e+02
6.707973349094390869e+02
6.713003468513488770e+02
6.718123350143432617e+02
6.722851450443267822e+02
6.728215219974517822e+02
6.733164079189300537e+02
6.738363950252532959e+02
6.743732500076293945e+02
6.748601939678192139e+02
6.753895308971405029e+02
6.758760519027709961e+02
6.763875868320465088e+02
6.769836330413818359e+02
6.774782240390777588e+02
6.779484899044036865e+02
6.785253658294677734e+02
6.789820239543914795e+02
6.794366149902343750e+02
6.799564888477325439e+02
6.804522960186004639e+02
6.809643130302429199e+02
6.814765279293060303e+02
6.820042369365692139e+02
6.825244338512420654e+02
6.830048568248748779e+02
6.835489959716796875e+02
6.840367109775543213e+02
6.845656788349151611e+02
6.850444948673248291e+02
6.855375499725341797e+02
6.860616149902343750e+02
6.865883619785308838e+02
6.870844550132751465e+02
6.875414550304412842e+02
6.880685629844665527e+02
6.885968329906463623e+02
6.891003699302673340e+02
6.896616408824920654e+02
6.901493959426879883e+02
6.906531798839569092e+02
6.911484320163726807e+02
6.916841449737548828e+02
6.922125020027160645e+02
6.927580139636993408e+02
6.933002338409423828e+02
6.938206999301910400e+02
6.943404150009155273e+02
6.948692529201507568e+02
6.953327209949493408e+02
6.958214049339294434e+02
6.962686479091644287e+02
6.968210530281066895e+02
6.973258378505706787e+02
6.978446578979492188e+02
6.983564808368682861e+02
6.988694570064544678e+02
6.993009068965911865e+02
6.997892899513244629e+02
7.003645789623260498e+02
7.008447818756103516e+02
7.013574709892272949e+02
7.018137550354003906e+02
7.023433349132537842e+02
7.028446149826049805e+02
7.033087530136108398e+02
7.038295350074768066e+02
7.042766139507293701e+02
7.047812869548797607e+02
7.052847609519958496e+02
7.057491178512573242e+02
7.061649799346923828e+02
7.066375098228454590e+02
7.071006548404693604e+02
7.075649938583374023e+02
7.080527720451354980e+02
7.085569398403167725e+02
7.090288279056549072e+02
7.094850199222564697e+02
7.099578289985656738e+02
7.104689819812774658e+02
7.109582459926605225e+02
7.113977940082550049e+02
7.118447108268737793e+02
7.123087940216064453e+02
7.127810750007629395e+02
7.132450809478759766e+02
7.136933560371398926e+02
7.141567559242248535e+02
7.146051368713378906e+02
7.150771899223327637e+02
7.155488538742065430e+02
7.160691208839416504e+02
7.165983920097351074e+02
7.170929210186004639e+02
7.176054928302764893e+02
7.180691049098968506e+02
7.185810718536376953e+02
7.191007180213928223e+02
7.196213338375091553e+02
7.201089839935302734e+02
7.206212608814239502e+02
7.211731970310211182e+02
7.216582820415496826e+02
7.221413099765777588e+02
7.226052339076995850e+02
7.230770218372344971e+02
7.235411520004272461e+02
7.240129559040069580e+02
7.244610249996185303e+02
7.248938210010528564e+02
7.253340778350830078e+02
7.258445439338684082e+02
7.263173079490661621e+02
7.268382530212402344e+02
7.272930560111999512e+02
7.277333669662475586e+02
7.282219560146331787e+02
7.286534209251403809e+02
7.290852060317993164e+02
7.295094988346099854e+02
7.300624508857727051e+02
7.305494430065155029e+02
7.310292429924011230e+02
7.315664858818054199e+02
7.330532019138336182e+02
7.335655038356781006e+02
7.340292358398437500e+02
7.344371080398559570e+02
7.347892439365386963e+02
7.351812119483947754e+02
7.356537840366363525e+02
7.360930860042572021e+02
7.365494639873504639e+02
7.370621778964996338e+02
7.375731840133666992e+02
7.381012289524078369e+02
7.385984230041503906e+02
7.390930058956146240e+02
7.395809888839721680e+02
7.400453588962554932e+02
7.405092818737030029e+02
7.410443258285522461e+02
7.415184328556060791e+02
7.420704879760742188e+02
7.425099439620971680e+02
7.430374188423156738e+02
7.437846179008483887e+02
7.447096118927001953e+02
7.452779018878936768e+02
7.458710248470306396e+02
7.463574728965759277e+02
7.469024028778076172e+02
7.474787240028381348e+02
7.479896528720855713e+02
7.485175390243530273e+02
7.490934360027313232e+02
7.496883749961853027e+02
7.502461049556732178e+02
7.508879969120025635e+02
7.517254269123077393e+02
7.527975909709930420e+02
7.538215508460998535e+02
7.558374300003051758e+02
7.577973499298095703e+02
