4.293995141983032227e+00
4.558107137680053711e+00
4.805907964706420898e+00
5.062155961990356445e+00
5.302006006240844727e+00
5.550398111343383789e+00
5.798291921615600586e+00
6.038140058517456055e+00
6.277995109558105469e+00
6.509892940521240234e+00
6.759109973907470703e+00
6.990127086639404297e+00
7.238126039505004883e+00
7.485785007476806641e+00
7.717733144760131836e+00
7.958217144012451172e+00
8.205867052078247070e+00
8.454138994216918945e+00
8.710300922393798828e+00
8.941970109939575195e+00
9.190510988235473633e+00
9.413764953613281250e+00
9.671025037765502930e+00
9.918200969696044922e+00
1.014213299751281738e+01
1.037414598464965820e+01
1.061444401741027832e+01
1.085393905639648438e+01
1.111842298507690430e+01
1.136623501777648926e+01
1.162216711044311523e+01
1.185403013229370117e+01
1.212614011764526367e+01
1.239021110534667969e+01
1.262989807128906250e+01
1.287810397148132324e+01
1.313515996932983398e+01
1.337422895431518555e+01
1.363802909851074219e+01
1.388648414611816406e+01
1.411805796623229980e+01
1.435781502723693848e+01
1.457425212860107422e+01
1.479781794548034668e+01
1.502968907356262207e+01
1.527007913589477539e+01
1.554207301139831543e+01
1.579058313369750977e+01
1.602210593223571777e+01
1.627012014389038086e+01
1.650202202796936035e+01
1.676608300209045410e+01
1.701486110687255859e+01
1.727015614509582520e+01
1.750219011306762695e+01
1.775007605552673340e+01
1.799809193611145020e+01
1.824581503868103027e+01
1.847003507614135742e+01
1.871000909805297852e+01
1.897421312332153320e+01
1.923054409027099609e+01
1.948617792129516602e+01
1.974211692810058594e+01
1.999809002876281738e+01
2.023852705955505371e+01
2.049404597282409668e+01
2.073398900032043457e+01
2.095813798904418945e+01
2.119789910316467285e+01
2.147907304763793945e+01
2.172632908821105957e+01
2.195936894416809082e+01
2.219802999496459961e+01
2.243785500526428223e+01
2.270219302177429199e+01
2.292627596855163574e+01
2.316624808311462402e+01
2.340636992454528809e+01
2.368636798858642578e+01
2.393414592742919922e+01
2.419030094146728516e+01
2.443028092384338379e+01
2.466993713378906250e+01
2.492599296569824219e+01
2.517429995536804199e+01
2.543848800659179688e+01
2.567881298065185547e+01
2.591892600059509277e+01
2.615844798088073730e+01
2.637402200698852539e+01
2.659805393218994141e+01
2.685448098182678223e+01
2.708623814582824707e+01
2.734239411354064941e+01
2.758210206031799316e+01
2.783801412582397461e+01
2.807009100914001465e+01
2.831823706626892090e+01
2.858205604553222656e+01
2.882217812538146973e+01
2.907005596160888672e+01
2.931822204589843750e+01
2.956611514091491699e+01
2.983826804161071777e+01
3.010226106643676758e+01
3.038224101066589355e+01
3.066222310066223145e+01
3.095824909210205078e+01
3.133471393585205078e+01
3.185650300979614258e+01
3.210117602348327637e+01
3.235823798179626465e+01
3.262205410003662109e+01
3.287029504776000977e+01
3.313428211212158203e+01
3.341441607475280762e+01
3.365335702896118164e+01
3.393401193618774414e+01
3.419828295707702637e+01
3.446259903907775879e+01
3.474405312538146973e+01
3.500617313385009766e+01
3.527007603645324707e+01
3.551778912544250488e+01
3.578229093551635742e+01
3.604588603973388672e+01
3.627883315086364746e+01
3.654232597351074219e+01
3.679829502105712891e+01
3.706236195564270020e+01
3.728618097305297852e+01
3.755839514732360840e+01
3.780685114860534668e+01
3.807041907310485840e+01
3.835803914070129395e+01
3.861405014991760254e+01
3.887033009529113770e+01
3.913414692878723145e+01
3.939006996154785156e+01
3.966216993331909180e+01
3.993426012992858887e+01
4.022231698036193848e+01
4.049405312538146973e+01
4.075788998603820801e+01
4.104622793197631836e+01
4.130312800407409668e+01
4.154256010055541992e+01
4.179101204872131348e+01
4.204617094993591309e+01
4.230214715003967285e+01
4.256697297096252441e+01
4.281443095207214355e+01
4.308634114265441895e+01
4.335939002037048340e+01
4.363822507858276367e+01
4.389418005943298340e+01
4.418233799934387207e+01
4.443825912475585938e+01
4.468706202507019043e+01
4.493452405929565430e+01
4.520569300651550293e+01
4.549417996406555176e+01
4.575028014183044434e+01
4.600615000724792480e+01
4.628634595870971680e+01
4.658239293098449707e+01
4.683014893531799316e+01
4.709431314468383789e+01
4.735839009284973145e+01
4.762209105491638184e+01
4.791024208068847656e+01
4.815827703475952148e+01
4.842209911346435547e+01
4.868639111518859863e+01
4.898914408683776855e+01
4.923862195014953613e+01
4.950298905372619629e+01
4.976647400856018066e+01
5.003857398033142090e+01
5.028642797470092773e+01
5.055828309059143066e+01
5.082223296165466309e+01
5.108661007881164551e+01
5.134264612197875977e+01
5.158222413063049316e+01
5.183071398735046387e+01
5.207813000679016113e+01
5.234250712394714355e+01
5.259027910232543945e+01
5.285406303405761719e+01
5.311047101020812988e+01
5.339847898483276367e+01
5.367826795578002930e+01
5.393442201614379883e+01
5.419944214820861816e+01
5.448673295974731445e+01
5.474257302284240723e+01
5.503023314476013184e+01
5.526238107681274414e+01
5.549424505233764648e+01
5.575836110115051270e+01
5.600669503211975098e+01
5.626945805549621582e+01
5.651077413558959961e+01
5.678230595588684082e+01
5.701432704925537109e+01
5.722230505943298340e+01
5.748656892776489258e+01
5.775825095176696777e+01
5.799888706207275391e+01
5.827830696105957031e+01
5.849531912803649902e+01
5.874242210388183594e+01
5.899833393096923828e+01
5.927830910682678223e+01
5.951031994819641113e+01
5.972662997245788574e+01
5.998272514343261719e+01
6.020627403259277344e+01
6.043839192390441895e+01
6.069434094429016113e+01
6.093454504013061523e+01
6.117488694190979004e+01
6.139041805267333984e+01
6.162229013442993164e+01
6.184643411636352539e+01
6.205436611175537109e+01
6.225457596778869629e+01
6.247050714492797852e+01
6.267034792900085449e+01
6.288745403289794922e+01
6.309461092948913574e+01
6.332675099372863770e+01
6.353475093841552734e+01
6.377365398406982422e+01
6.397474813461303711e+01
6.419863104820251465e+01
6.443878507614135742e+01
6.466253995895385742e+01
6.487065315246582031e+01
6.508677005767822266e+01
6.533478808403015137e+01
6.554277205467224121e+01
6.577474308013916016e+01
6.598262906074523926e+01
6.623893499374389648e+01
6.644669795036315918e+01
6.667866897583007812e+01
6.688756203651428223e+01
6.712180805206298828e+01
6.732035207748413086e+01
6.753567814826965332e+01
6.775166106224060059e+01
6.796731805801391602e+01
6.819130611419677734e+01
6.839924407005310059e+01
6.863105297088623047e+01
6.884715294837951660e+01
6.902311110496520996e+01
6.921492695808410645e+01
6.940720796585083008e+01
6.967890310287475586e+01
6.988736796379089355e+01
7.010334205627441406e+01
7.031203413009643555e+01
7.051142692565917969e+01
7.071925592422485352e+01
7.095876598358154297e+01
7.117509603500366211e+01
7.140685892105102539e+01
7.161532402038574219e+01
7.183858394622802734e+01
7.203877902030944824e+01
7.255763292312622070e+01
7.267094111442565918e+01
7.289459204673767090e+01
7.310240006446838379e+01
7.333513307571411133e+01
7.351908993721008301e+01
7.372006106376647949e+01
7.393510293960571289e+01
7.419169807434082031e+01
7.439219999313354492e+01
7.459934997558593750e+01
7.482298493385314941e+01
7.503103995323181152e+01
7.525477409362792969e+01
7.548678898811340332e+01
7.572707414627075195e+01
7.593518805503845215e+01
7.614342403411865234e+01
7.637490105628967285e+01
7.662283205986022949e+01
7.684565806388854980e+01
7.709482312202453613e+01
7.734279799461364746e+01
7.757476806640625000e+01
7.781626892089843750e+01
7.805523610115051270e+01
7.860051512718200684e+01
7.925489401817321777e+01
8.023099994659423828e+01
8.045470809936523438e+01
8.071899104118347168e+01
8.099096512794494629e+01
8.198976302146911621e+01
8.243127512931823730e+01
8.283118510246276855e+01
8.305569505691528320e+01
8.327889895439147949e+01
8.348711705207824707e+01
8.371890497207641602e+01
8.399111700057983398e+01
8.424707913398742676e+01
8.450310397148132324e+01
8.471136212348937988e+01
8.498277592658996582e+01
8.525605607032775879e+01
8.551970314979553223e+01
8.580689692497253418e+01
8.621491813659667969e+01
8.647087502479553223e+01
8.668707513809204102e+01
8.695111298561096191e+01
8.726309609413146973e+01
8.753504514694213867e+01
8.783094406127929688e+01
8.826415014266967773e+01
8.867931604385375977e+01
8.890318393707275391e+01
8.916716194152832031e+01
8.944707202911376953e+01
8.982283711433410645e+01
9.017493700981140137e+01
9.048688507080078125e+01
9.079900813102722168e+01
9.117537903785705566e+01
9.147100210189819336e+01
9.171921396255493164e+01
9.195105409622192383e+01
9.231106710433959961e+01
9.270384597778320312e+01
9.304716205596923828e+01
9.344685196876525879e+01
9.384692311286926270e+01
9.414345502853393555e+01
9.442280197143554688e+01
9.474376201629638672e+01
9.503940701484680176e+01
9.527963995933532715e+01
9.552712011337280273e+01
9.577529096603393555e+01
9.600719594955444336e+01
9.624710702896118164e+01
9.643932509422302246e+01
9.668712592124938965e+01
9.690331196784973145e+01
9.711141109466552734e+01
9.732725000381469727e+01
9.757531309127807617e+01
9.781612610816955566e+01
9.803992295265197754e+01
9.826308298110961914e+01
9.850340199470520020e+01
9.875086998939514160e+01
9.902318906784057617e+01
9.930461597442626953e+01
9.959920811653137207e+01
1.001108119487762451e+02
1.004633610248565674e+02
1.006873519420623779e+02
1.009754059314727783e+02
1.013360259532928467e+02
1.015941400527954102e+02
1.018310930728912354e+02
1.021941330432891846e+02
1.025029780864715576e+02
1.027671251296997070e+02
1.030072591304779053e+02
1.032711811065673828e+02
1.035518970489501953e+02
1.038073649406433105e+02
1.041671271324157715e+02
1.045110571384429932e+02
1.048393750190734863e+02
1.051112320423126221e+02
1.053511519432067871e+02
1.056074221134185791e+02
1.059672279357910156e+02
1.062863221168518066e+02
1.065753490924835205e+02
1.070393440723419189e+02
1.074710569381713867e+02
1.077510859966278076e+02
1.079756050109863281e+02
1.082710690498352051e+02
1.086231701374053955e+02
1.089111809730529785e+02
1.092074050903320312e+02
1.095442869663238525e+02
1.099033091068267822e+02
1.102636301517486572e+02
1.105193870067596436e+02
1.108552460670471191e+02
1.112072639465332031e+02
1.115911610126495361e+02
1.118951039314270020e+02
1.123513979911804199e+02
1.128394260406494141e+02
1.131754689216613770e+02
1.135113689899444580e+02
1.138156609535217285e+02
1.141191780567169189e+02
1.143671770095825195e+02
1.146156220436096191e+02
1.148395149707794189e+02
1.150871300697326660e+02
1.153181819915771484e+02
1.155356171131134033e+02
1.157917921543121338e+02
1.160153050422668457e+02
1.162315609455108643e+02
1.164633891582489014e+02
1.167054519653320312e+02
1.169352860450744629e+02
1.171514101028442383e+02
1.173596351146697998e+02
1.176153910160064697e+02
1.178632810115814209e+02
1.180797550678253174e+02
1.183115289211273193e+02
1.185274200439453125e+02
1.187754909992218018e+02
1.189753971099853516e+02
1.191754689216613770e+02
1.193914611339569092e+02
1.196235239505767822e+02
1.198402271270751953e+02
1.200636150836944580e+02
1.202715959548950195e+02
1.204951329231262207e+02
1.206866440773010254e+02
1.208953440189361572e+02
1.211352739334106445e+02
1.213753659725189209e+02
1.215755031108856201e+02
1.217835950851440430e+02
1.220073320865631104e+02
1.222313561439514160e+02
1.224315850734710693e+02
1.226396429538726807e+02
1.228715379238128662e+02
1.231273789405822754e+02
1.233365581035614014e+02
1.235434999465942383e+02
1.237594020366668701e+02
1.239755270481109619e+02
1.241756010055541992e+02
1.243834850788116455e+02
1.245755200386047363e+02
1.247834169864654541e+02
1.249914720058441162e+02
1.251993570327758789e+02
1.254156360626220703e+02
1.256473770141601562e+02
1.258634250164031982e+02
1.260797250270843506e+02
1.262878210544586182e+02
1.265274491310119629e+02
1.267434859275817871e+02
1.269516000747680664e+02
1.271838259696960449e+02
1.273925940990447998e+02
1.276237709522247314e+02
1.278474950790405273e+02
1.280793850421905518e+02
1.282956819534301758e+02
1.285119071006774902e+02
1.287358019351959229e+02
1.289753510951995850e+02
1.291756041049957275e+02
1.294155309200286865e+02
1.296235899925231934e+02
1.298476500511169434e+02
1.300556769371032715e+02
1.302877049446105957e+02
1.304949009418487549e+02
1.306955170631408691e+02
1.308954041004180908e+02
1.310955779552459717e+02
1.312955980300903320e+02
1.315028150081634521e+02
1.317036161422729492e+02
1.319116170406341553e+02
1.321194989681243896e+02
1.323117821216583252e+02
1.325275590419769287e+02
1.327517049312591553e+02
1.329675080776214600e+02
1.331838109493255615e+02
1.333999829292297363e+02
1.336238110065460205e+02
1.338397099971771240e+02
1.340476429462432861e+02
1.342717421054840088e+02
1.344875741004943848e+02
1.347279551029205322e+02
1.349436280727386475e+02
1.352239339351654053e+02
1.354396300315856934e+02
1.357040121555328369e+02
1.359280099868774414e+02
1.361837129592895508e+02
1.364237959384918213e+02
1.366475470066070557e+02
1.368719561100006104e+02
1.371279261112213135e+02
1.373600771427154541e+02
1.375755350589752197e+02
1.378000650405883789e+02
1.380396709442138672e+02
1.382718701362609863e+02
1.384880530834197998e+02
1.387036139965057373e+02
1.389517619609832764e+02
1.391676559448242188e+02
1.393920829296112061e+02
1.396001570224761963e+02
1.398318040370941162e+02
1.400406701564788818e+02
1.402879559993743896e+02
1.404958379268646240e+02
1.407440130710601807e+02
1.409599590301513672e+02
1.411924080848693848e+02
1.414161541461944580e+02
1.416720840930938721e+02
1.418800289630889893e+02
1.421036720275878906e+02
1.423357369899749756e+02
1.425672869682312012e+02
1.427759139537811279e+02
1.429757890701293945e+02
1.432077641487121582e+02
1.434156739711761475e+02
1.436320960521697998e+02
1.438640530109405518e+02
1.440717129707336426e+02
1.443040959835052490e+02
1.445279810428619385e+02
1.447439990043640137e+02
1.449837560653686523e+02
1.452000250816345215e+02
1.454080331325531006e+02
1.456328530311584473e+02
1.458558781147003174e+02
1.460959520339965820e+02
1.463197770118713379e+02
1.465517411231994629e+02
1.467837240695953369e+02
1.470080969333648682e+02
1.472320871353149414e+02
1.474479720592498779e+02
1.476800150871276855e+02
1.479291031360626221e+02
1.481520061492919922e+02
1.483839309215545654e+02
1.486159899234771729e+02
1.488560171127319336e+02
1.490718369483947754e+02
1.493596510887145996e+02
1.495760941505432129e+02
1.498401601314544678e+02
1.501121850013732910e+02
1.504086940288543701e+02
1.506885521411895752e+02
1.510318460464477539e+02
1.515198600292205811e+02
1.523281631469726562e+02
1.530238389968872070e+02
1.538559770584106445e+02
1.546799449920654297e+02
1.550399310588836670e+02
1.555442030429840088e+02
1.557601020336151123e+02
1.560321700572967529e+02
1.562799370288848877e+02
1.564968791007995605e+02
1.567190611362457275e+02
1.569520690441131592e+02
1.571923911571502686e+02
1.574001390933990479e+02
1.576001441478729248e+02
1.578322150707244873e+02
1.580645411014556885e+02
1.583282270431518555e+02
1.585681381225585938e+02
1.587843351364135742e+02
1.590162310600280762e+02
1.592482850551605225e+02
1.594640531539916992e+02
1.597122919559478760e+02
1.599443759918212891e+02
1.602243950366973877e+02
1.604480519294738770e+02
1.607124631404876709e+02
1.609282369613647461e+02
1.611523060798645020e+02
1.613600680828094482e+02
1.616002180576324463e+02
1.618321890830993652e+02
1.621205620765686035e+02
1.623851070404052734e+02
1.626649041175842285e+02
1.629364099502563477e+02
1.632643120288848877e+02
1.636401040554046631e+02
1.640645451545715332e+02
1.646880540847778320e+02
1.653379349708557129e+02
1.655441360473632812e+02
1.657923290729522705e+02
1.659844059944152832e+02
1.662003791332244873e+02
1.664245040416717529e+02
1.666162700653076172e+02
1.668163931369781494e+02
1.670082080364227295e+02
1.672160620689392090e+02
1.674246480464935303e+02
1.676801750659942627e+02
1.678885149955749512e+02
1.680881710052490234e+02
1.682969589233398438e+02
1.685127129554748535e+02
1.687601161003112793e+02
1.689842021465301514e+02
1.692404370307922363e+02
1.694404809474945068e+02
1.696483590602874756e+02
1.698724370002746582e+02
1.700960841178894043e+02
1.703281109333038330e+02
1.705525131225585938e+02
1.707684140205383301e+02
1.709924669265747070e+02
1.712086870670318604e+02
1.714642980098724365e+02
1.716962139606475830e+02
1.719286019802093506e+02
1.721521630287170410e+02
1.723924391269683838e+02
1.726412839889526367e+02
1.728566241264343262e+02
