1.372234106063842773e+00
1.884369134902954102e+00
2.413295030593872070e+00
2.892152070999145508e+00
3.364176034927368164e+00
3.891557216644287109e+00
4.404010057449340820e+00
4.908222198486328125e+00
5.388133049011230469e+00
5.868108034133911133e+00
6.397623062133789062e+00
6.923846006393432617e+00
7.396156072616577148e+00
7.884068012237548828e+00
8.363965034484863281e+00
8.875952005386352539e+00
9.371936082839965820e+00
9.876345157623291016e+00
1.038834214210510254e+01
1.088413810729980469e+01
1.133206915855407715e+01
1.180474019050598145e+01
1.237955307960510254e+01
1.287687015533447266e+01
1.340476012229919434e+01
1.385197305679321289e+01
1.437387418746948242e+01
1.487632322311401367e+01
1.537209105491638184e+01
1.589464521408081055e+01
1.638810300827026367e+01
1.687622117996215820e+01
1.734822702407836914e+01
1.781997704505920410e+01
1.831681919097900391e+01
1.885975503921508789e+01
1.938228321075439453e+01
1.992488813400268555e+01
2.039642500877380371e+01
2.087604117393493652e+01
2.134021019935607910e+01
2.182800817489624023e+01
2.232422614097595215e+01
2.282797622680664062e+01
2.336793899536132812e+01
2.386015009880065918e+01
2.430000305175781250e+01
2.483671808242797852e+01
2.532400417327880859e+01
2.584604907035827637e+01
2.632415199279785156e+01
2.682816600799560547e+01
2.734827899932861328e+01
2.785210418701171875e+01
2.835624003410339355e+01
2.880404305458068848e+01
2.930819416046142578e+01
2.986846399307250977e+01
3.034829807281494141e+01
3.084428215026855469e+01
3.133213114738464355e+01
3.184427499771118164e+01
3.236707806587219238e+01
3.285996103286743164e+01
3.331626415252685547e+01
3.382039117813110352e+01
3.432401418685913086e+01
3.481139421463012695e+01
3.533905816078186035e+01
3.578816008567810059e+01
3.631094002723693848e+01
3.683572220802307129e+01
3.731613612174987793e+01
3.781214404106140137e+01
3.829219722747802734e+01
3.879605913162231445e+01
3.929185700416564941e+01
3.980398607254028320e+01
4.027608013153076172e+01
4.078005409240722656e+01
4.128420019149780273e+01
4.178798699378967285e+01
4.229235911369323730e+01
4.281963706016540527e+01
4.330059909820556641e+01
4.382876801490783691e+01
4.430020618438720703e+01
4.477191305160522461e+01
4.526001906394958496e+01
4.576427507400512695e+01
4.626777505874633789e+01
4.677221202850341797e+01
4.726803016662597656e+01
4.774023604393005371e+01
4.825283312797546387e+01
4.876402306556701660e+01
4.923639512062072754e+01
4.973864722251892090e+01
5.022796201705932617e+01
5.074945807456970215e+01
5.124413514137268066e+01
5.174795913696289062e+01
5.227049016952514648e+01
5.274018311500549316e+01
5.327741122245788574e+01
5.379631018638610840e+01
5.426037311553955078e+01
5.474822115898132324e+01
5.526043915748596191e+01
5.575599503517150879e+01
5.622950816154479980e+01
5.673965215682983398e+01
5.724438500404357910e+01
5.773982405662536621e+01
5.827854299545288086e+01
5.871613121032714844e+01
5.922801804542541504e+01
5.975663709640502930e+01
6.026075506210327148e+01
6.075638008117675781e+01
6.126009321212768555e+01
6.175761318206787109e+01
6.226778912544250488e+01
6.274807310104370117e+01
6.321990323066711426e+01
6.373988413810729980e+01
6.426015305519104004e+01
6.471581816673278809e+01
6.522786307334899902e+01
6.571614813804626465e+01
6.622778415679931641e+01
6.671584105491638184e+01
6.723585510253906250e+01
6.775599718093872070e+01
6.820382714271545410e+01
6.867583107948303223e+01
6.921303105354309082e+01
6.970794701576232910e+01
7.020393419265747070e+01
7.069192504882812500e+01
7.120370411872863770e+01
7.171609807014465332e+01
